  62, 8, 146, 31, 126, 3, 114, 167, 95 , 
   13, 0, 106, 23, 134, 189, 52, 173, 7 , 
   159, 248, 163, 182, 73, 44, 145, 250, 84 , 
   38, 38, 164, 28, 34, 58, 228, 29, 89 , 
   146, 141, 148, 56, 141, 83, 52, 69, 39 , 
   146, 184, 106, 103, 86, 141, 230, 174, 145 , 
   89, 210, 238, 224, 103, 166, 149, 97, 129 , 
   231, 23, 16, 242, 162, 98, 45, 29, 22 , 
   44, 116, 249, 59, 179, 40, 211, 44, 182 , 
   104, 177, 237, 8, 64, 44, 81, 98, 171 , 
   30, 51, 187, 118, 200, 73, 148, 70, 0 , 
   38, 236, 140, 149, 69, 235, 189, 99, 229 , 
   2, 183, 184, 72, 169, 80, 60, 95, 4 , 
   173, 210, 68, 221, 40, 88, 79, 39, 66 , 
   165, 89, 56, 198, 234, 133, 191, 8, 0 , 
   8, 100, 68, 36, 70, 169, 240, 82, 158 , 
   94, 22, 176, 119, 56, 109, 193, 51, 183 , 
   97, 175, 35, 2, 252, 246, 237, 117, 121 , 
   65, 190, 51, 26, 209, 71, 195, 75, 17 , 
   168, 55, 200, 210, 190, 160, 64, 81, 26 , 
   193, 138, 151, 10, 144, 80, 67, 209, 211 , 
   228, 108, 113, 51, 82, 66, 121, 47, 41 , 
   67, 136, 65, 192, 115, 0, 168, 177, 49 , 
   204, 234, 1, 227, 15, 180, 22, 68, 246 , 
   197, 236, 100, 69, 87, 191, 117, 67, 119 , 
   9, 195, 21, 129, 102, 206, 190, 44, 121 , 
   140, 56, 118, 75, 34, 44, 187, 164, 60 , 
   224, 142, 248, 49, 32, 160, 148, 140, 197 , 
   161, 150, 40, 57, 6, 143, 75, 136, 6 , 
   131, 20, 218, 90, 88, 36, 98, 168, 128 , 
   21, 149, 220, 60, 18, 247, 176, 218, 212 , 
   168, 195, 3, 45, 67, 142, 255, 163, 1 , 
   57, 33, 205, 93, 7, 130, 38, 79, 57 , 
   107, 253, 76, 31, 198, 103, 240, 49, 58 , 
   83, 124, 39, 195, 253, 160, 130, 254, 202 , 
   19, 197, 131, 88, 185, 39, 140, 137, 232 , 
   137, 167, 104, 16, 167, 45, 184, 167, 81 , 
   117, 241, 211, 42, 148, 181, 237, 96, 60 , 
   48, 176, 209, 143, 167, 136, 74, 132, 202 , 
   8, 216, 45, 118, 35, 47, 94, 116, 170 , 
   162, 63, 76, 173, 173, 82, 179, 252, 33 , 
   32, 81, 207, 62, 196, 77, 115, 234, 32 , 
   74, 41, 241, 21, 73, 30, 77, 17, 212 , 
   231, 21, 132, 64, 146, 40, 101, 3, 29 , 
   173, 75, 60, 134, 72, 208, 159, 49, 100 , 
   238, 134, 142, 69, 16, 87, 25, 61, 66 , 
   216, 48, 166, 66, 144, 247, 61, 238, 237 , 
   203, 185, 211, 43, 31, 241, 144, 140, 108 , 
   21, 26, 226, 3, 110, 169, 209, 244, 87 , 
   216, 95, 138, 192, 25, 184, 223, 87, 16 , 
   100, 214, 86, 130, 131, 127, 111, 15, 150 , 
   218, 118, 72, 138, 176, 96, 106, 71, 249 , 
   37, 62, 252, 34, 95, 196, 228, 94, 45 , 
   176, 247, 126, 88, 202, 246, 106, 123, 108 , 
   121, 89, 85, 122, 128, 238, 160, 251, 212 , 
   31, 193, 127, 11, 58, 223, 235, 251, 172 , 
   172, 71, 205, 201, 198, 2, 77, 215, 133 , 
   224, 159, 71, 175, 90, 84, 66, 138, 156 , 
   116, 148, 76, 221, 73, 18, 122, 255, 63 , 
   54, 78, 181, 218, 164, 26, 4, 182, 37 , 
   142, 86, 92, 82, 200, 88, 187, 166, 23 , 
   117, 78, 54, 92, 139, 56, 131, 25, 239 , 
   241, 97, 4, 69, 254, 248, 249, 178, 10 , 
   189, 174, 170, 16, 60, 177, 79, 29, 84 , 
   237, 105, 74, 12, 15, 187, 84, 9, 234 , 
   101, 202, 116, 130, 63, 185, 139, 178, 158 , 
   29, 104, 62, 30, 113, 11, 142, 43, 109 , 
   18, 164, 11, 145, 109, 148, 220, 159, 169 , 
   57, 127, 64, 112, 129, 91, 120, 175, 157 , 
   81, 37, 222, 131, 202, 163, 228, 189, 195 , 
   173, 14, 48, 87, 223, 234, 72, 74, 52 , 
   54, 222, 233, 254, 26, 136, 6, 67, 96 , 
   148, 121, 251, 126, 244, 37, 86, 179, 11 , 
   145, 105, 14, 131, 78, 4, 238, 98, 26 , 
   144, 141, 218, 11, 208, 255, 150, 105, 137 , 
   137, 112, 252, 6, 197, 114, 94, 141, 14 , 
   226, 178, 119, 142, 69, 9, 10, 138, 72 , 
   197, 101, 219, 240, 15, 117, 38, 72, 180 , 
   118, 10, 4, 216, 118, 24, 56, 237, 146 , 
   222, 101, 240, 124, 73, 109, 202, 87, 124 , 
   136, 77, 237, 237, 82, 68, 231, 44, 64 , 
   173, 41, 71, 128, 152, 122, 165, 88, 88 , 
   44, 4, 185, 92, 101, 7, 239, 141, 29 , 
   9, 172, 48, 64, 20, 213, 107, 50, 16 , 
   51, 80, 204, 154, 116, 91, 90, 97, 86 , 
   112, 122, 225, 83, 121, 237, 81, 60, 99 , 
   2, 122, 108, 39, 196, 180, 42, 184, 91 , 
   181, 36, 14, 227, 97, 178, 123, 80, 39 , 
   22, 44, 245, 114, 166, 114, 90, 213, 34 , 
   164, 107, 52, 73, 237, 199, 215, 132, 235 , 
   61, 181, 94, 211, 128, 193, 6, 0, 82 , 
   56, 30, 249, 155, 94, 69, 114, 73, 213 , 
   218, 110, 126, 206, 229, 147, 222, 152, 6 , 
   254, 37, 156, 112, 163, 65, 230, 198, 47 , 
   220, 172, 83, 13, 94, 101, 186, 21, 66 , 
   139, 145, 188, 86, 53, 237, 61, 114, 67 , 
   153, 252, 21, 192, 134, 214, 226, 104, 149 , 
   152, 235, 29, 94, 114, 182, 209, 53, 167 , 
   174, 104, 88, 204, 144, 190, 8, 57, 71 , 
   63, 25, 65, 179, 166, 94, 91, 202, 181 , 
   71, 129, 103, 161, 175, 164, 108, 240, 116 , 
   158, 13, 132, 115, 245, 82, 178, 58, 164 , 
   12, 199, 172, 191, 65, 220, 70, 80, 9 , 
   48, 170, 19, 52, 88, 238, 191, 109, 177 , 
   50, 189, 175, 163, 41, 248, 204, 49, 237 , 
   88, 47, 95, 6, 38, 95, 132, 212, 75 , 
   56, 253, 66, 156, 209, 2, 192, 208, 255 , 
   142, 200, 215, 65, 221, 195, 50, 66, 125 , 
   240, 210, 207, 85, 147, 164, 107, 209, 61 , 
   194, 77, 114, 32, 11, 115, 62, 83, 113 , 
   14, 162, 100, 9, 108, 137, 75, 32, 57 , 
   200, 102, 182, 203, 153, 69, 212, 1, 101 , 
   77, 6, 9, 26, 187, 73, 210, 204, 207 , 
   161, 206, 195, 81, 194, 179, 3, 227, 240 , 
   5, 1, 19, 98, 156, 210, 64, 207, 223 , 
   194, 51, 175, 166, 139, 197, 9, 0, 4 , 
   139, 110, 190, 104, 14, 35, 57, 129, 40 , 
   118, 33, 214, 176, 159, 200, 205, 139, 79 , 
   84, 102, 32, 57, 148, 249, 49, 104, 173 , 
   88, 233, 217, 57, 167, 60, 121, 127, 5 , 
   15, 248, 174, 62, 2, 32, 106, 135, 183 , 
   254, 42, 90, 233, 243, 7, 45, 6, 140 , 
   67, 232, 1, 96, 49, 94, 7, 42, 23 , 
   193, 184, 166, 94, 112, 130, 88, 166, 233 , 
   252, 149, 235, 116, 136, 24, 34, 205, 158 , 
   185, 82, 22, 59, 119, 32, 98, 172, 191 , 
   87, 111, 108, 68, 147, 162, 249, 126, 4 , 
   22, 223, 195, 93, 122, 167, 201, 228, 46 , 
   102, 196, 4, 205, 32, 226, 233, 89, 117 , 
   105, 146, 31, 154, 99, 124, 179, 166, 141 , 
   254, 146, 0, 107, 134, 100, 93, 233, 5 , 
   95, 162, 11, 151, 246, 88, 134, 133, 250 , 
   55, 189, 34, 16, 138, 60, 57, 150, 94 , 
   43, 71, 239, 103, 247, 141, 231, 11, 148 , 
   158, 64, 82, 30, 208, 227, 49, 87, 213 , 
   28, 237, 194, 188, 117, 36, 99, 218, 219 , 
   71, 1, 250, 111, 231, 135, 242, 170, 6 , 
   156, 67, 108, 1, 100, 58, 208, 175, 63 , 
   200, 243, 71, 117, 180, 183, 236, 226, 194 , 
   249, 164, 225, 128, 70, 50, 54, 76, 50 , 
   228, 113, 62, 213, 230, 254, 191, 144, 223 , 
   208, 254, 43, 96, 144, 12, 250, 221, 203 , 
   59, 204, 133, 124, 59, 188, 48, 34, 38 , 
   94, 105, 43, 167, 84, 176, 146, 210, 48 , 
   57, 197, 227, 184, 104, 233, 169, 124, 167 , 
   6, 54, 186, 205, 29, 60, 164, 83, 73 , 
   45, 125, 121, 143, 138, 87, 226, 233, 37 , 
   138, 31, 172, 171, 228, 98, 22, 169, 245 , 
   70, 249, 145, 69, 99, 42, 36, 161, 224 , 
   163, 0, 159, 250, 187, 215, 252, 182, 238 , 
   8, 8, 77, 87, 224, 12, 44, 221, 247 , 
   126, 138, 13, 20, 37, 154, 48, 42, 192 , 
   141, 243, 88, 226, 234, 243, 220, 133, 18 , 
   127, 93, 65, 88, 135, 121, 119, 4, 145 , 
   186, 152, 242, 176, 238, 205, 190, 12, 136 , 
   33, 61, 200, 14, 23, 161, 102, 208, 186 , 
   138, 148, 158, 149, 136, 68, 33, 5, 216 , 
   74, 38, 138, 22, 217, 182, 13, 156, 9 , 
   40, 10, 63, 202, 57, 58, 87, 42, 55 , 
   29, 131, 64, 245, 53, 142, 200, 103, 117 , 
   30, 32, 106, 143, 34, 138, 169, 206, 224 , 
   239, 37, 8, 224, 159, 225, 239, 14, 156 , 
   158, 61, 132, 189, 220, 224, 152, 58, 29 , 
   177, 108, 13, 143, 58, 229, 38, 22, 126 , 
   172, 131, 54, 58, 64, 45, 255, 114, 11 , 
   99, 224, 128, 96, 235, 29, 133, 207, 190 , 
   41, 224, 252, 63, 94, 115, 100, 113, 189 , 
   82, 232, 153, 67, 98, 208, 216, 194, 188 , 
   135, 200, 158, 172, 23, 109, 220, 104, 7 , 
   104, 182, 234, 186, 156, 111, 237, 249, 155 , 
   52, 202, 224, 92, 169, 207, 147, 75, 115 , 
   15, 161, 229, 36, 57, 109, 116, 199, 12 , 
   83, 134, 37, 167, 131, 56, 98, 249, 25 , 
   27, 107, 30, 61, 238, 62, 43, 103, 23 , 
   32, 223, 38, 202, 67, 253, 147, 171, 40 , 
   210, 249, 152, 79, 46, 51, 250, 128, 184 , 
   239, 33, 102, 199, 186, 79, 174, 203, 245 , 
   97, 56, 80, 73, 175, 164, 124, 72, 32 , 
   168, 230, 255, 181, 164, 152, 248, 96, 194 , 
   129, 250, 45, 212, 23, 176, 179, 167, 78 , 
   174, 143, 148, 104, 182, 129, 154, 244, 218 , 
   248, 78, 16, 1, 73, 164, 226, 144, 69 , 
   147, 62, 50, 147, 193, 67, 140, 67, 98 , 
   100, 2, 217, 16, 67, 206, 65, 111, 45 , 
   163, 193, 117, 14, 221, 215, 169, 99, 159 , 
   247, 208, 206, 88, 44, 179, 178, 220, 127 , 
   250, 144, 106, 89, 18, 228, 60, 99, 187 , 
   160, 105, 215, 128, 182, 199, 36, 115, 165 , 
   144, 254, 146, 5, 204, 25, 68, 230, 95 , 
   181, 144, 207, 15, 69, 222, 99, 27, 218 , 
   122, 230, 27, 225, 119, 235, 109, 180, 99 , 
   169, 105, 100, 195, 26, 144, 154, 30, 129 , 
   138, 137, 156, 39, 181, 71, 81, 16, 243 , 
   220, 50, 48, 66, 210, 98, 88, 28, 47 , 
   120, 247, 246, 52, 93, 219, 93, 17, 230 , 
   70, 1, 145, 128, 102, 218, 196, 115, 11 , 
   185, 64, 53, 57, 188, 16, 13, 34, 124 , 
   6, 227, 147, 190, 96, 64, 194, 96, 15 , 
   94, 123, 64, 79, 243, 90, 244, 66, 80 , 
   190, 220, 58, 144, 200, 48, 224, 75, 243 , 
   204, 93, 220, 33, 161, 195, 107, 95, 240 , 
   39, 218, 100, 6, 34, 184, 84, 143, 17 , 
   21, 126, 29, 25, 208, 136, 106, 94, 102 , 
   184, 148, 165, 122, 111, 94, 139, 33, 19 , 
   145, 174, 218, 204, 33, 224, 112, 123, 110 , 
   56, 148, 123, 114, 202, 95, 128, 92, 36 , 
   179, 49, 96, 239, 46, 153, 175, 142, 220 , 
   101, 8, 208, 24, 8, 130, 155, 61, 195 , 
   88, 126, 38, 68, 80, 71, 123, 66, 104 , 
   206, 217, 196, 41, 195, 24, 61, 207, 55 , 
   225, 60, 225, 204, 197, 114, 250, 236, 227 , 
   64, 46, 169, 71, 67, 104, 198, 92, 78 , 
   64, 170, 36, 46, 178, 247, 177, 115, 4 , 
   40, 92, 227, 101, 238, 110, 20, 40, 255 , 
   49, 120, 51, 250, 77, 28, 123, 149, 27 , 
   206, 28, 134, 8, 80, 13, 244, 59, 216 , 
   54, 87, 129, 40, 209, 178, 33, 171, 9 , 
   241, 190, 14, 230, 223, 65, 138, 195, 75 , 
   176, 122, 152, 147, 164, 250, 14, 131, 52 , 
   140, 113, 173, 29, 164, 36, 179, 24, 88 , 
   117, 153, 3, 55, 203, 148, 83, 5, 195 , 
   51, 26, 71, 176, 124, 156, 41, 207, 130 , 
   76, 70, 66, 165, 168, 190, 114, 99, 13 , 
   41, 91, 51, 138, 34, 246, 47, 122, 6 , 
   2, 144, 224, 216, 85, 32, 139, 214, 184 , 
   187, 253, 251, 158, 0, 122, 113, 213, 178 , 
   100, 116, 39, 22, 22, 112, 96, 250, 132 , 
   66, 29, 87, 113, 29, 125, 56, 225, 67 , 
   77, 215, 45, 70, 210, 103, 183, 189, 179 , 
   108, 171, 94, 231, 132, 241, 70, 147, 130 , 
   138, 45, 53, 36, 115, 152, 70, 105, 218 , 
   136, 39, 253, 103, 69, 14, 127, 25, 131 , 
   204, 200, 153, 79, 58, 180, 196, 249, 152 , 
   205, 190, 63, 140, 128, 74, 113, 111, 198 , 
   98, 64, 0, 31, 25, 194, 211, 174, 229 , 
   50, 108, 202, 179, 153, 149, 147, 85, 43 , 
   253, 246, 126, 16, 75, 69, 244, 203, 178 , 
   159, 109, 180, 65, 70, 138, 140, 31, 23 , 
   143, 208, 201, 252, 228, 141, 109, 162, 247 , 
   103, 120, 67, 252, 159, 117, 197, 210, 58 , 
   246, 160, 90, 18, 209, 184, 79, 79, 59 , 
   224, 165, 76, 88, 80, 67, 130, 83, 46 , 
   198, 12, 175, 129, 50, 89, 88, 68, 193 , 
   101, 207, 50, 185, 56, 92, 7, 183, 115 , 
   204, 116, 23, 176, 164, 95, 201, 105, 73 , 
   149, 121, 202, 145, 123, 61, 55, 37, 153 , 
   236, 118, 81, 211, 115, 45, 16, 161, 15 , 
   118, 128, 128, 220, 240, 91, 185, 221, 244 , 
   233, 191, 117, 158, 87, 39, 157, 214, 181 , 
   138, 251, 204, 96, 161, 177, 132, 184, 45 , 
   20, 179, 189, 17, 3, 233, 117, 154, 186 , 
   152, 188, 1, 43, 86, 201, 157, 244, 222 , 
   2, 85, 18, 44, 44, 11, 146, 96, 255 , 
   255, 251, 50, 64, 127, 38, 233, 211, 136 , 
   183, 185, 237, 226, 127, 27, 80, 136, 216 , 
   65, 151, 207, 208, 210, 187, 51, 57, 112 , 
   126, 82, 55, 60, 211, 144, 237, 170, 158 , 
   145, 58, 205, 93, 181, 253, 99, 34, 177 , 
   130, 177, 207, 33, 24, 125, 72, 176, 198 , 
   30, 255, 244, 54, 161, 130, 97, 9, 20 , 
   100, 112, 54, 160, 78, 215, 60, 183, 250 , 
   41, 168, 10, 148, 84, 158, 20, 181, 53 , 
   89, 101, 119, 113, 248, 98, 17, 128, 127 , 
   107, 47, 130, 50, 208, 229, 201, 141, 59 , 
   68, 191, 136, 200, 1, 223, 192, 51, 55 , 
   30, 48, 11, 151, 63, 73, 171, 147, 104 , 
   52, 231, 76, 79, 100, 151, 202, 78, 225 , 
   153, 244, 144, 44, 171, 151, 255, 105, 199 , 
   56, 30, 75, 36, 114, 76, 64, 27, 25 , 
   32, 92, 19, 241, 0, 50, 225, 240, 210 , 
   4, 79, 159, 139, 82, 5, 244, 207, 222 , 
   11, 174, 50, 204, 243, 112, 104, 94, 141 , 
   36, 46, 193, 26, 45, 134, 20, 189, 76 , 
   211, 227, 111, 94, 115, 218, 194, 209, 114 , 
   32, 80, 244, 63, 155, 24, 59, 24, 223 , 
   159, 239, 165, 8, 82, 76, 245, 31, 214 , 
   188, 144, 155, 10, 119, 127, 119, 211, 104 , 
   72, 3, 7, 51, 226, 54, 107, 68, 100 , 
   10, 11, 7, 120, 214, 138, 95, 25, 5 , 
   185, 111, 24, 28, 5, 115, 140, 49, 9 , 
   151, 185, 194, 143, 4, 72, 80, 222, 173 , 
   185, 202, 126, 72, 216, 78, 68, 94, 0 , 
   204, 85, 207, 62, 192, 30, 75, 4, 77 , 
   175, 233, 103, 110, 165, 190, 182, 127, 187 , 
   96, 198, 184, 221, 118, 98, 172, 21, 111 , 
   132, 219, 57, 201, 69, 224, 182, 231, 106 , 
   72, 163, 215, 5, 255, 36, 94, 156, 185 , 
   146, 36, 251, 157, 177, 111, 79, 116, 178 , 
   113, 92, 84, 82, 158, 251, 135, 238, 67 , 
   155, 58, 190, 125, 132, 235, 131, 168, 93 , 
   63, 116, 151, 215, 153, 26, 174, 16, 22 , 
   153, 13, 35, 193, 106, 95, 201, 22, 159 , 
   210, 190, 205, 84, 65, 67, 109, 211, 39 , 
   218, 153, 170, 204, 68, 190, 51, 134, 56 , 
   242, 0, 50, 216, 214, 26, 240, 12, 225 , 
   192, 243, 131, 93, 199, 191, 102, 226, 164 , 
   164, 183, 156, 82, 138, 198, 73, 179, 110 , 
   0, 190, 29, 245, 23, 45, 3, 40, 108 , 
   236, 162, 37, 215, 222, 12, 47, 103, 12 , 
   208, 225, 219, 239, 217, 110, 20, 133, 1 , 
   15, 3, 41, 148, 51, 114, 214, 148, 239 , 
   231, 67, 183, 76, 78, 107, 134, 6, 114 , 
   69, 84, 161, 146, 21, 142, 97, 182, 165 , 
   230, 156, 181, 60, 141, 153, 88, 148, 40 , 
   119, 218, 57, 226, 187, 73, 78, 185, 71 , 
   66, 12, 4, 130, 116, 103, 179, 83, 39 , 
   16, 150, 205, 196, 43, 202, 188, 128, 247 , 
   92, 117, 232, 55, 173, 180, 69, 4, 165 , 
   152, 38, 162, 161, 172, 206, 108, 108, 227 , 
   253, 225, 228, 1, 103, 221, 162, 122, 98 , 
   238, 204, 99, 233, 141, 228, 153, 107, 101 , 
   155, 174, 127, 80, 183, 177, 190, 121, 61 , 
   112, 156, 222, 143, 142, 120, 20, 75, 26 , 
   217, 91, 97, 239, 148, 220, 193, 164, 163 , 
   222, 80, 174, 133, 35, 130, 215, 194, 38 , 
   81, 252, 220, 91, 207, 10, 43, 95, 111 , 
   243, 95, 39, 110, 249, 210, 227, 168, 195 , 
   92, 172, 254, 246, 117, 167, 166, 181, 216 , 
   213, 136, 43, 203, 103, 232, 242, 96, 173 , 
   194, 236, 92, 36, 41, 183, 128, 153, 64 , 
   23, 88, 210, 86, 131, 193, 219, 68, 249 , 
   6, 120, 85, 14, 81, 206, 73, 144, 90 , 
   29, 135, 242, 47, 115, 48, 154, 109, 193 , 
   1, 45, 113, 75, 254, 169, 33, 119, 184 , 
   94, 88, 248, 182, 38, 172, 167, 94, 179 , 
   17, 47, 165, 186, 85, 19, 95, 151, 206 , 
   26, 51, 93, 158, 167, 81, 164, 224, 46 , 
   223, 127, 170, 234, 195, 122, 241, 172, 172 , 
   215, 205, 229, 103, 245, 9, 179, 82, 213 , 
   250, 1, 27, 164, 221, 36, 36, 146, 218 , 
   87, 41, 200, 142, 37, 80, 253, 78, 185 , 
   78, 22, 69, 1, 205, 197, 147, 249, 181 , 
   65, 123, 180, 59, 104, 205, 28, 89, 106 , 
   167, 198, 200, 230, 8, 196, 232, 29, 43 , 
   41, 20, 103, 39, 227, 114, 193, 49, 186 , 
   175, 17, 85, 146, 147, 176, 239, 34, 226 , 
   233, 8, 128, 203, 255, 11, 162, 136, 81 , 
   8, 124, 182, 61, 153, 213, 254, 244, 136 , 
   39, 161, 23, 192, 167, 0, 97, 195, 23 , 
   117, 210, 240, 109, 246, 96, 72, 81, 104 , 
   133, 231, 231, 244, 18, 239, 164, 157, 140 , 
   164, 193, 64, 173, 215, 244, 163, 224, 222 , 
   184, 60, 185, 54, 84, 208, 24, 5, 144 , 
   141, 251, 9, 62, 179, 154, 45, 127, 224 , 
   244, 58, 222, 53, 246, 101, 167, 255, 98 , 
   17, 6, 101, 188, 35, 62, 103, 228, 141 , 
   247, 65, 247, 115, 189, 134, 88, 64, 30 , 
   61, 83, 94, 204, 188, 118, 79, 213, 171 , 
   130, 104, 128, 25, 102, 241, 26, 61, 38 , 
   164, 16, 85, 87, 221, 112, 129, 30, 242 , 
   34, 134, 1, 103, 84, 120, 23, 241, 140 , 
   170, 130, 125, 54, 94, 191, 226, 228, 52 , 
   39, 162, 245, 58, 4, 44, 6, 75, 19 , 
   237, 207, 216, 130, 74, 197, 159, 234, 103 , 
   198, 178, 37, 56, 49, 192, 148, 160, 240 , 
   3, 94, 110, 127, 47, 97, 208, 244, 36 , 
   173, 195, 181, 15, 35, 199, 37, 176, 30 , 
   221, 121, 188, 137, 44, 60, 26, 207, 26 , 
   121, 234, 174, 54, 28, 131, 177, 252, 250 , 
   178, 35, 189, 182, 66, 53, 23, 41, 128 , 
   76, 234, 138, 156, 129, 160, 55, 97, 245 , 
   101, 121, 127, 50, 179, 59, 199, 184, 166 , 
   97, 92, 73, 234, 140, 144, 60, 232, 250 , 
   221, 59, 83, 231, 30, 15, 103, 166, 132 , 
   102, 120, 105, 29, 28, 192, 89, 18, 181 , 
   123, 118, 177, 18, 3, 230, 141, 69, 169 , 
   103, 12, 35, 138, 84, 93, 80, 26, 42 , 
   87, 13, 119, 100, 41, 209, 254, 191, 90 , 
   163, 105, 199, 153, 19, 59, 114, 94, 201 , 
   8, 118, 186, 75, 50, 242, 87, 156, 216 , 
   148, 177, 33, 217, 64, 76, 166, 57, 190 , 
   67, 53, 235, 17, 122, 133, 255, 144, 217 , 
   165, 125, 17, 5, 101, 239, 46, 235, 194 , 
   8, 92, 249, 244, 203, 87, 144, 79, 246 , 
   83, 34, 163, 175, 9, 116, 69, 25, 192 , 
   247, 58, 64, 201, 30, 178, 126, 209, 121 , 
   61, 161, 61, 145, 100, 61, 173, 165, 20 , 
   83, 131, 135, 141, 97, 123, 76, 112, 161 , 
   148, 115, 232, 225, 210, 135, 21, 176, 93 , 
   26, 253, 234, 187, 86, 99, 247, 21, 204 , 
   148, 199, 76, 49, 116, 170, 33, 206, 74 , 
   121, 176, 123, 173, 226, 169, 49, 212, 196 , 
   133, 77, 254, 59, 215, 112, 229, 130, 43 , 
   126, 236, 3, 199, 151, 220, 116, 47, 56 , 
   196, 106, 135, 239, 81, 156, 209, 108, 192 , 
   152, 163, 190, 167, 0, 90, 120, 220, 152 , 
   13, 83, 139, 47, 138, 198, 211, 183, 43 , 
   71, 7, 234, 183, 211, 228, 78, 103, 155 , 
   132, 171, 87, 204, 10, 143, 190, 122, 62 , 
   34, 243, 90, 255, 136, 214, 197, 230, 105 , 
   178, 165, 66, 253, 84, 148, 141, 44, 3 , 
   197, 180, 10, 112, 199, 94, 122, 39, 158 , 
   135, 248, 98, 78, 10, 17, 204, 36, 39 , 
   70, 167, 68, 78, 174, 40, 34, 93, 244 , 
   147, 46, 192, 106, 150, 145, 124, 5, 235 , 
   56, 35, 94, 68, 58, 9, 101, 68, 38 , 
   83, 97, 130, 158, 64, 66, 156, 30, 232 , 
   240, 107, 11, 78, 22, 181, 115, 51, 80 , 
   190, 245, 209, 180, 232, 137, 189, 58, 220 , 
   156, 202, 136, 97, 160, 42, 199, 122, 164 , 
   85, 177, 58, 108, 129, 85, 162, 38, 152 , 
   247, 21, 236, 160, 209, 88, 106, 28, 17 , 
   26, 33, 254, 62, 2, 0, 123, 222, 255 , 
   126, 82, 224, 148, 68, 144, 165, 61, 115 , 
   201, 61, 108, 136, 239, 71, 58, 176, 160 , 
   126, 83, 222, 192, 16, 71, 79, 47, 48 , 
   41, 129, 16, 29, 34, 132, 8, 210, 254 , 
   214, 249, 86, 177, 196, 105, 101, 12, 46 , 
   247, 217, 96, 230, 207, 247, 241, 252, 12 , 
   11, 58, 190, 249, 161, 128, 42, 234, 75 , 
   212, 16, 20, 184, 6, 128, 23, 216, 46 , 
   45, 224, 203, 17, 142, 175, 127, 90, 156 , 
   199, 231, 152, 239, 98, 230, 85, 129, 254 , 
   54, 47, 230, 132, 189, 83, 230, 247, 18 , 
   250, 182, 219, 212, 192, 8, 221, 224, 77 , 
   115, 48, 35, 173, 234, 67, 210, 8, 26 , 
   248, 249, 178, 73, 220, 100, 204, 90, 150 , 
   242, 154, 52, 147, 245, 135, 151, 51, 6 , 
   51, 187, 156, 38, 100, 133, 51, 104, 104 , 
   10, 48, 58, 211, 188, 29, 250, 195, 192 , 
   9, 113, 124, 201, 59, 128, 29, 243, 254 , 
   244, 135, 180, 228, 199, 198, 53, 229, 175 , 
   17, 105, 245, 119, 157, 181, 204, 249, 102 , 
   239, 131, 137, 88, 6, 220, 67, 40, 2 , 
   102, 107, 175, 244, 197, 74, 81, 213, 93 , 
   185, 207, 236, 64, 178, 228, 132, 40, 135 , 
   211, 70, 199, 173, 8, 171, 89, 117, 160 , 
   176, 191, 195, 125, 46, 1, 150, 82, 183 , 
   219, 226, 11, 178, 192, 195, 216, 124, 77 , 
   88, 186, 106, 93, 198, 186, 251, 17, 21 , 
   72, 240, 2, 22, 47, 90, 37, 43, 0 , 
   95, 98, 57, 237, 53, 63, 136, 97, 215 , 
   68, 154, 191, 83, 53, 122, 181, 58, 20 , 
   190, 185, 31, 184, 150, 100, 89, 109, 206 , 
   145, 69, 47, 55, 224, 6, 146, 216, 157 , 
   62, 252, 79, 246, 188, 94, 90, 43, 1 , 
   30, 225, 148, 52, 51, 35, 154, 50, 141 , 
   59, 152, 184, 55, 181, 170, 205, 206, 243 , 
   44, 178, 86, 209, 105, 31, 111, 178, 91 , 
   158, 36, 11, 26, 245, 184, 53, 30, 43 , 
   99, 190, 73, 85, 105, 211, 54, 79, 38 , 
   115, 97, 125, 55, 153, 208, 32, 107, 145 , 
   93, 227, 199, 223, 50, 90, 46, 229, 122 , 
   27, 94, 253, 51, 177, 114, 201, 24, 111 , 
   150, 182, 221, 121, 4, 149, 210, 26, 9 , 
   61, 151, 94, 31, 41, 3, 226, 58, 108 , 
   42, 28, 52, 212, 122, 46, 25, 93, 10 , 
   209, 129, 69, 139, 174, 230, 56, 32, 120 , 
   33, 164, 127, 17, 64, 161, 181, 189, 82 , 
   146, 80, 86, 195, 234, 37, 59, 108, 91 , 
   24, 108, 177, 137, 188, 251, 8, 232, 240 , 
   129, 170, 146, 116, 141, 132, 17, 122, 195 , 
   100, 77, 99, 39, 84, 215, 40, 195, 68 , 
   96, 160, 10, 13, 205, 230, 12, 202, 117 , 
   23, 137, 56, 51, 23, 18, 94, 67, 82 , 
   23, 86, 162, 139, 159, 150, 52, 209, 195 , 
   32, 15, 174, 138, 46, 162, 31, 49, 170 , 
   137, 147, 15, 169, 45, 53, 50, 11, 177 , 
   123, 212, 143, 4, 133, 208, 226, 199, 122 , 
   0, 83, 13, 217, 160, 187, 255, 4, 223 , 
   169, 4, 56, 187, 72, 68, 94, 32, 251 , 
   245, 151, 66, 71, 40, 226, 162, 52, 200 , 
   102, 237, 193, 216, 210, 219, 143, 144, 135 , 
   207, 182, 79, 16, 136, 188, 90, 23, 121 , 
   101, 3, 112, 116, 43, 117, 252, 96, 9 , 
   55, 69, 229, 16, 88, 73, 134, 42, 40 , 
   75, 192, 20, 106, 129, 227, 228, 251, 73 , 
   81, 199, 126, 15, 232, 79, 181, 249, 218 , 
   253, 251, 10, 45, 152, 233, 16, 248, 181 , 
   147, 68, 158, 30, 103, 202, 145, 184, 140 , 
   195, 93, 146, 25, 216, 134, 170, 143, 111 , 
   33, 80, 254, 231, 68, 59, 254, 183, 82 , 
   140, 202, 226, 7, 119, 28, 73, 61, 17 , 
   62, 241, 24, 144, 1, 177, 55, 20, 38 , 
   77, 233, 178, 130, 134, 134, 242, 147, 141 , 
   79, 216, 4, 66, 131, 146, 229, 198, 226 , 
   96, 19, 29, 247, 69, 12, 38, 202, 69 , 
   127, 122, 84, 116, 139, 176, 5, 194, 4 , 
   211, 193, 242, 100, 179, 242, 148, 129, 31 , 
   44, 209, 98, 38, 72, 4, 59, 25, 207 , 
   97, 186, 220, 124, 7, 236, 255, 4, 41 , 
   132, 119, 105, 174, 59, 0, 101, 79, 1 , 
   242, 228, 122, 34, 134, 247, 81, 185, 112 , 
   16, 95, 245, 171, 52, 71, 93, 99, 125 , 
   162, 62, 5, 77, 253, 50, 198, 250, 15 , 
   106, 15, 111, 32, 188, 213, 198, 184, 122 , 
   182, 255, 7, 167, 104, 213, 3, 116, 15 , 
   27, 228, 193, 117, 176, 122, 194, 187, 50 , 
   129, 220, 94, 118, 237, 184, 254, 20, 87 , 
   16, 165, 128, 23, 209, 117, 244, 158, 39 , 
   186, 195, 146, 195, 85, 228, 128, 160, 45 , 
   202, 6, 116, 140, 17, 183, 224, 57, 53 , 
   93, 179, 110, 38, 32, 155, 246, 178, 16 , 
   173, 116, 113, 125, 28, 200, 117, 107, 121 , 
   27, 144, 184, 179, 53, 168, 229, 76, 28 , 
   168, 130, 18, 86, 78, 2, 76, 86, 243 , 
   241, 229, 123, 87, 143, 48, 86, 7, 149 , 
   240, 195, 184, 197, 144, 202, 239, 81, 104 , 
   51, 149, 6, 168, 63, 181, 41, 203, 81 , 
   162, 52, 66, 145, 223, 173, 52, 241, 29 , 
   134, 45, 174, 168, 63, 222, 202, 179, 255 , 
   214, 72, 88, 26, 222, 133, 155, 121, 138 , 
   159, 99, 233, 55, 114, 150, 135, 211, 202 , 
   12, 214, 5, 72, 8, 111, 172, 224, 29 , 
   26, 10, 131, 180, 176, 212, 249, 237, 16 , 
   163, 39, 140, 170, 28, 239, 192, 254, 195 , 
   127, 81, 1, 8, 27, 105, 169, 220, 201 , 
   142, 175, 150, 182, 178, 25, 125, 128, 203 , 
   8, 171, 163, 130, 146, 219, 215, 236, 60 , 
   201, 122, 168, 106, 235, 232, 13, 213, 22 , 
   49, 5, 223, 227, 66, 226, 253, 80, 26 , 
   138, 225, 70, 128, 95, 237, 78, 132, 207 , 
   86, 237, 87, 215, 99, 107, 98, 242, 62 , 
   50, 215, 221, 225, 28, 207, 98, 32, 75 , 
   107, 161, 136, 19, 254, 208, 226, 115, 174 , 
   16, 22, 95, 195, 183, 0, 19, 26, 102 , 
   239, 74, 120, 206, 183, 232, 218, 204, 60 , 
   218, 145, 66, 89, 156, 34, 114, 214, 15 , 
   141, 98, 198, 220, 97, 79, 244, 30, 161 , 
   61, 215, 146, 237, 221, 144, 24, 63, 212 , 
   182, 28, 179, 207, 101, 26, 170, 6, 205 , 
   169, 145, 35, 130, 185, 250, 88, 34, 236 , 
   220, 173, 40, 15, 41, 178, 124, 197, 169 , 
   13, 200, 219, 131, 170, 7, 238, 200, 165 , 
   155, 31, 61, 103, 47, 95, 203, 17, 249 , 
   80, 13, 56, 86, 254, 162, 200, 119, 174 , 
   125, 172, 93, 180, 46, 15, 23, 13, 43 , 
   117, 183, 140, 151, 209, 155, 77, 46, 20 , 
   152, 112, 98, 161, 38, 76, 18, 114, 74 , 
   208, 197, 132, 60, 59, 115, 33, 187, 238 , 
   207, 31, 116, 151, 224, 15, 154, 24, 119 , 
   158, 167, 90, 109, 119, 235, 129, 225, 29 , 
   203, 102, 221, 139, 145, 233, 91, 41, 108 , 
   15, 159, 79, 86, 162, 195, 43, 92, 227 , 
   223, 249, 207, 136, 185, 51, 2, 109, 189 , 
   63, 116, 163, 48, 242, 163, 68, 189, 253 , 
   101, 123, 31, 212, 38, 234, 90, 133, 206 , 
   91, 103, 151, 147, 227, 53, 48, 149, 68 , 
   76, 186, 30, 157, 122, 47, 6, 40, 53 , 
   35, 35, 233, 73, 203, 103, 124, 70, 43 , 
   32, 96, 20, 157, 89, 108, 140, 171, 10 , 
   41, 19, 255, 63, 87, 7, 151, 30, 170 , 
   139, 241, 173, 99, 83, 56, 112, 235, 226 , 
   188, 36, 112, 42, 47, 35, 249, 55, 246 , 
   205, 165, 243, 210, 67, 255, 132, 213, 234 , 
   39, 121, 67, 115, 237, 254, 174, 6, 147 , 
   109, 74, 17, 95, 167, 90, 162, 38, 22 , 
   152, 65, 99, 198, 114, 251, 160, 101, 1 , 
   139, 53, 188, 214, 206, 0, 191, 205, 220 , 
   83, 243, 251, 180, 238, 139, 215, 146, 239 , 
   197, 96, 240, 50, 130, 197, 70, 166, 132 , 
   127, 127, 183, 109, 44, 59, 108, 55, 123 , 
   51, 161, 34, 214, 144, 235, 182, 18, 15 , 
   163, 222, 163, 148, 118, 171, 24, 132, 189 , 
   80, 87, 54, 154, 175, 246, 6, 21, 90 , 
   67, 208, 144, 52, 33, 138, 158, 45, 73 , 
   83, 129, 119, 182, 212, 87, 124, 253, 105 , 
   9, 89, 85, 68, 232, 116, 94, 244, 206 , 
   55, 75, 137, 191, 31, 35, 55, 42, 228 , 
   230, 18, 218, 218, 87, 162, 63, 216, 99 , 
   61, 241, 147, 199, 153, 179, 169, 69, 81 , 
   151, 76, 255, 172, 103, 12, 17, 16, 60 , 
   74, 204, 138, 209, 242, 23, 107, 123, 72 , 
   68, 1, 6, 222, 108, 144, 160, 41, 211 , 
   192, 44, 224, 20, 30, 153, 209, 88, 60 , 
   53, 144, 43, 212, 60, 177, 202, 234, 172 , 
   97, 168, 9, 2, 224, 215, 121, 52, 150 , 
   136, 140, 231, 253, 214, 211, 73, 201, 163 , 
   186, 81, 189, 198, 223, 135, 126, 66, 67 , 
   86, 96, 45, 13, 240, 178, 108, 33, 157 , 
   226, 140, 134, 130, 165, 176, 217, 153, 168 , 
   210, 218, 80, 74, 39, 192, 31, 217, 24 , 
   193, 153, 239, 58, 200, 129, 121, 157, 156 , 
   81, 182, 252, 177, 13, 201, 226, 0, 60 , 
   12, 239, 89, 115, 97, 9, 207, 81, 58 , 
   210, 254, 144, 61, 158, 84, 109, 30, 62 , 
   255, 84, 50, 93, 32, 191, 244, 216, 128 , 
   88, 117, 101, 153, 203, 19, 245, 165, 179 , 
   234, 99, 117, 8, 132, 244, 154, 34, 215 , 
   24, 180, 27, 253, 73, 126, 23, 108, 167 , 
   119, 250, 38, 134, 57, 197, 221, 194, 39 , 
   177, 56, 255, 109, 131, 36, 47, 92, 80 , 
   136, 247, 56, 114, 113, 167, 70, 127, 229 , 
   3, 40, 239, 110, 122, 195, 40, 233, 235 , 
   10, 213, 4, 51, 240, 231, 209, 66, 139 , 
   118, 151, 6, 60, 148, 202, 92, 240, 92 , 
   85, 181, 70, 179, 179, 219, 102, 49, 202 , 
   116, 140, 203, 144, 87, 140, 40, 193, 9 , 
   97, 74, 213, 168, 4, 83, 43, 63, 219 , 
   100, 242, 15, 84, 120, 56, 96, 83, 167 , 
   190, 191, 254, 89, 253, 156, 176, 136, 112 , 
   241, 161, 121, 31, 145, 218, 234, 39, 239 , 
   223, 98, 225, 99, 66, 183, 101, 194, 85 , 
   91, 228, 226, 60, 63, 195, 249, 190, 24 , 
   69, 53, 196, 22, 174, 99, 173, 134, 156 , 
   71, 135, 65, 11, 78, 255, 78, 5, 20 , 
   70, 37, 105, 149, 27, 128, 211, 88, 18 , 
   148, 79, 125, 218, 90, 74, 7, 55, 110 , 
   94, 128, 51, 222, 88, 247, 51, 135, 242 , 
   126, 195, 80, 37, 67, 255, 142, 217, 253 , 
   51, 129, 212, 46, 240, 149, 160, 13, 109 , 
   123, 20, 210, 106, 190, 161, 191, 102, 68 , 
   30, 239, 191, 47, 136, 230, 204, 114, 117 , 
   171, 249, 185, 50, 16, 184, 164, 31, 87 , 
   55, 160, 133, 244, 190, 103, 139, 18, 118 , 
   223, 243, 229, 18, 209, 0, 170, 217, 78 , 
   112, 169, 177, 66, 168, 228, 227, 247, 241 , 
   104, 6, 156, 241, 7, 145, 229, 160, 239 , 
   156, 228, 214, 100, 156, 12, 116, 130, 185 , 
   252, 107, 18, 24, 202, 132, 95, 190, 228 , 
   127, 119, 147, 183, 242, 198, 120, 61, 213 , 
   157, 126, 114, 90, 155, 26, 236, 249, 186 , 
   64, 9, 165, 31, 26, 51, 59, 169, 180 , 
   185, 142, 241, 40, 15, 192, 169, 40, 197 , 
   144, 103, 92, 16, 82, 85, 233, 217, 89 , 
   59, 34, 85, 151, 131, 143, 92, 106, 64 , 
   212, 202, 217, 215, 228, 245, 99, 171, 72 , 
   251, 212, 152, 3, 112, 246, 170, 224, 31 , 
   139, 11, 237, 169, 217, 117, 72, 235, 161 , 
   229, 179, 25, 64, 158, 122, 8, 253, 104 , 
   124, 237, 222, 104, 134, 45, 75, 30, 218 , 
   247, 113, 138, 115, 196, 110, 91, 249, 123 , 
   91, 72, 45, 134, 135, 150, 6, 40, 221 , 
   76, 216, 137, 203, 8, 247, 104, 156, 97 , 
   54, 139, 140, 176, 65, 107, 225, 158, 166 , 
   161, 175, 221, 186, 164, 134, 88, 202, 53 , 
   85, 23, 6, 38, 144, 67, 88, 131, 187 , 
   255, 18, 116, 134, 245, 157, 71, 35, 97 , 
   252, 7, 27, 169, 187, 0, 225, 92, 252 , 
   242, 163, 85, 226, 44, 24, 3, 220, 34 , 
   237, 57, 186, 197, 206, 198, 94, 80, 70 , 
   41, 189, 238, 88, 100, 18, 129, 152, 105 , 
   87, 43, 139, 99, 53, 254, 22, 44, 33 , 
   51, 52, 231, 158, 189, 212, 246, 247, 197 , 
   72, 86, 154, 90, 182, 132, 244, 155, 82 , 
   103, 165, 153, 142, 1, 224, 27, 197, 171 , 
   11, 100, 167, 35, 79, 91, 242, 81, 221 , 
   153, 120, 104, 82, 194, 23, 41, 55, 124 , 
   150, 27, 187, 27, 49, 156, 62, 67, 102 , 
   169, 247, 124, 76, 218, 215, 137, 36, 243 , 
   137, 254, 7, 120, 117, 185, 243, 196, 200 , 
   82, 9, 40, 42, 232, 47, 36, 103, 129 , 
   207, 70, 244, 96, 7, 228, 177, 166, 79 , 
   168, 169, 151, 90, 144, 139, 138, 47, 245 , 
   220, 34, 2, 194, 78, 6, 85, 33, 111 , 
   100, 16, 14, 245, 58, 45, 48, 14, 128 , 
   204, 83, 46, 222, 226, 227, 172, 230, 96 , 
   23, 8, 190, 20, 155, 160, 55, 104, 59 , 
   219, 38, 166, 26, 224, 80, 136, 223, 158 , 
   207, 66, 72, 8, 132, 162, 240, 149, 128 , 
   243, 51, 71, 200, 209, 109, 176, 63, 73 , 
   41, 5, 136, 189, 231, 88, 208, 99, 199 , 
   240, 224, 234, 192, 136, 65, 12, 226, 154 , 
   195, 134, 216, 217, 18, 153, 157, 98, 118 , 
   83, 50, 217, 1, 154, 77, 238, 231, 182 , 
   82, 18, 48, 212, 33, 18, 185, 120, 32 , 
   76, 48, 51, 170, 178, 32, 13, 23, 236 , 
   51, 191, 23, 60, 106, 179, 191, 35, 146 , 
   219, 99, 187, 216, 166, 192, 202, 118, 123 , 
   15, 218, 20, 157, 26, 156, 58, 191, 194 , 
   154, 88, 171, 50, 147, 113, 239, 207, 181 , 
   128, 20, 131, 7, 3, 200, 241, 121, 64 , 
   162, 46, 63, 224, 102, 142, 5, 64, 239 , 
   16, 195, 9, 0, 232, 137, 99, 165, 80 , 
   100, 171, 234, 24, 161, 48, 135, 254, 225 , 
   190, 251, 186, 58, 175, 6, 146, 219, 245 , 
   232, 239, 72, 191, 102, 212, 88, 131, 46 , 
   187, 31, 178, 59, 185, 212, 15, 27, 109 , 
   212, 241, 87, 58, 12, 228, 172, 165, 245 , 
   77, 1, 152, 28, 117, 12, 234, 89, 244 , 
   98, 146, 193, 163, 143, 217, 107, 59, 180 , 
   18, 160, 217, 72, 243, 39, 254, 119, 64 , 
   247, 151, 79, 38, 149, 202, 150, 45, 18 , 
   190, 121, 108, 129, 130, 86, 144, 172, 208 , 
   150, 88, 55, 162, 117, 105, 106, 9, 240 , 
   0, 143, 23, 107, 225, 211, 33, 220, 42 , 
   198, 238, 139, 216, 24, 89, 235, 40, 16 , 
   38, 173, 11, 111, 15, 221, 75, 191, 14 , 
   197, 223, 116, 96, 211, 205, 39, 108, 206 , 
   79, 123, 209, 51, 46, 186, 235, 207, 36 , 
   250, 219, 58, 235, 78, 153, 55, 199, 115 , 
   255, 45, 95, 13, 144, 66, 83, 114, 15 , 
   103, 6, 79, 150, 8, 216, 104, 250, 134 , 
   3, 113, 166, 104, 205, 8, 34, 49, 234 , 
   2, 225, 120, 27, 241, 13, 113, 51, 97 , 
   147, 94, 215, 54, 11, 171, 145, 156, 252 , 
   211, 99, 113, 158, 179, 166, 96, 82, 250 , 
   235, 193, 63, 233, 168, 221, 91, 230, 203 , 
   50, 55, 72, 51, 137, 172, 255, 87, 212 , 
   189, 46, 61, 230, 209, 122, 115, 92, 98 , 
   168, 136, 98, 171, 55, 170, 193, 236, 16 , 
   98, 205, 9, 248, 200, 139, 242, 254, 59 , 
   156, 170, 246, 65, 43, 217, 234, 1, 38 , 
   182, 196, 153, 46, 235, 117, 81, 197, 171 , 
   114, 247, 0, 55, 208, 94, 89, 122, 161 , 
   67, 215, 42, 190, 86, 184, 20, 78, 120 , 
   55, 224, 150, 99, 143, 65, 17, 180, 218 , 
   232, 129, 191, 45, 157, 186, 123, 56, 150 , 
   114, 33, 111, 133, 204, 161, 43, 236, 79 , 
   195, 112, 255, 9, 213, 19, 160, 135, 13 , 
   246, 95, 52, 37, 11, 116, 173, 187, 229 , 
   147, 95, 73, 248, 213, 69, 216, 25, 173 , 
   178, 182, 140, 96, 35, 111, 16, 128, 203 , 
   63, 35, 72, 23, 231, 107, 68, 181, 77 , 
   4, 224, 13, 19, 129, 41, 229, 113, 44 , 
   53, 153, 52, 233, 71, 228, 44, 3, 72 , 
   49, 115, 20, 204, 221, 117, 176, 174, 224 , 
   196, 250, 207, 130, 232, 145, 106, 255, 92 , 
   88, 197, 34, 61, 38, 144, 55, 59, 45 , 
   254, 2, 144, 84, 22, 19, 212, 9, 28 , 
   212, 39, 183, 189, 40, 153, 172, 161, 116 , 
   157, 83, 82, 150, 15, 146, 229, 211, 211 , 
   115, 90, 131, 17, 182, 86, 246, 164, 214 , 
   143, 252, 182, 167, 33, 229, 132, 185, 38 , 
   249, 3, 37, 20, 217, 170, 184, 118, 7 , 
   142, 18, 85, 244, 160, 55, 73, 131, 32 , 
   3, 68, 128, 13, 126, 214, 11, 177, 187 , 
   108, 224, 250, 147, 119, 84, 223, 23, 71 , 
   28, 204, 37, 34, 177, 234, 91, 226, 49 , 
   168, 202, 135, 149, 151, 164, 137, 134, 194 , 
   47, 179, 165, 121, 72, 220, 0, 5, 208 , 
   255, 58, 40, 79, 40, 15, 111, 191, 119 , 
   111, 175, 138, 250, 38, 152, 171, 21, 12 , 
   34, 147, 62, 145, 163, 233, 98, 166, 96 , 
   235, 252, 38, 255, 146, 177, 20, 105, 210 , 
   74, 185, 137, 24, 30, 224, 55, 204, 23 , 
   98, 36, 106, 12, 142, 85, 255, 44, 84 , 
   203, 137, 153, 107, 174, 194, 200, 220, 53 , 
   214, 17, 85, 105, 71, 138, 104, 151, 109 , 
   10, 62, 220, 6, 32, 53, 113, 64, 185 , 
   83, 23, 68, 4, 139, 79, 74, 80, 165 , 
   84, 47, 195, 174, 21, 50, 151, 16, 112 , 
   171, 73, 186, 60, 20, 120, 101, 50, 34 , 
   96, 6, 203, 19, 173, 160, 190, 29, 229 , 
   59, 53, 97, 180, 49, 225, 26, 39, 40 , 
   2, 171, 239, 240, 148, 76, 88, 44, 151 , 
   238, 91, 215, 211, 70, 35, 33, 211, 36 , 
   25, 2, 21, 168, 119, 98, 68, 13, 179 , 
   98, 68, 138, 255, 162, 224, 242, 96, 68 , 
   79, 167, 37, 106, 29, 42, 45, 128, 47 , 
   54, 197, 14, 125, 185, 103, 15, 120, 168 , 
   144, 41, 91, 1, 131, 173, 194, 230, 235 , 
   126, 170, 252, 127, 32, 113, 14, 109, 248 , 
   6, 96, 186, 242, 66, 104, 79, 147, 42 , 
   27, 53, 230, 148, 222, 86, 196, 161, 168 , 
   171, 251, 165, 198, 132, 202, 56, 61, 181 , 
   144, 246, 254, 117, 74, 44, 255, 12, 80 , 
   104, 166, 50, 107, 209, 118, 46, 248, 47 , 
   204, 117, 254, 252, 20, 11, 212, 213, 27 , 
   14, 83, 6, 118, 247, 166, 79, 7, 57 , 
   54, 128, 82, 52, 230, 68, 222, 4, 186 , 
   119, 167, 183, 129, 245, 204, 146, 216, 138 , 
   22, 28, 204, 43, 250, 240, 20, 244, 166 , 
   24, 144, 108, 56, 8, 125, 170, 191, 129 , 
   248, 177, 100, 36, 50, 226, 42, 159, 113 , 
   48, 249, 57, 182, 23, 90, 201, 154, 181 , 
   84, 200, 84, 44, 104, 212, 105, 207, 153 , 
   190, 162, 56, 119, 156, 77, 189, 138, 163 , 
   227, 115, 0, 177, 68, 100, 70, 251, 147 , 
   212, 182, 122, 49, 128, 235, 166, 241, 188 , 
   207, 126, 167, 190, 175, 231, 252, 24, 48 , 
   31, 20, 117, 237, 101, 235, 191, 61, 111 , 
   173, 97, 78, 138, 129, 25, 89, 125, 95 , 
   151, 39, 228, 198, 131, 145, 208, 118, 32 , 
   90, 173, 227, 57, 101, 170, 109, 15, 30 , 
   240, 38, 72, 73, 64, 14, 202, 207, 62 , 
   67, 163, 238, 12, 124, 104, 152, 18, 36 , 
   15, 67, 190, 203, 253, 178, 175, 249, 95 , 
   41, 24, 156, 215, 212, 227, 124, 186, 173 , 
   203, 193, 177, 28, 183, 112, 45, 185, 215 , 
   53, 120, 30, 184, 247, 45, 154, 219, 167 , 
   121, 246, 177, 44, 219, 52, 91, 71, 204 , 
   39, 2, 15, 146, 1, 9, 34, 252, 177 , 
   162, 231, 50, 54, 250, 28, 235, 59, 178 , 
   94, 97, 198, 148, 130, 230, 1, 176, 242 , 
   8, 9, 15, 170, 30, 123, 58, 42, 102 , 
   226, 96, 57, 130, 162, 48, 114, 119, 91 , 
   36, 199, 150, 103, 124, 199, 107, 155, 233 , 
   253, 11, 112, 168, 46, 181, 216, 74, 240 , 
   140, 39, 113, 23, 220, 124, 12, 23, 194 , 
   60, 70, 175, 1, 42, 11, 178, 50, 213 , 
   198, 214, 217, 7, 20, 189, 73, 28, 49 , 
   128, 124, 40, 250, 251, 194, 206, 197, 240 , 
   143, 105, 101, 167, 22, 252, 72, 247, 115 , 
   205, 188, 221, 127, 5, 255, 62, 243, 88 , 
   87, 203, 98, 184, 141, 231, 39, 134, 49 , 
   214, 132, 23, 148, 189, 218, 131, 199, 195 , 
   155, 222, 121, 24, 215, 74, 80, 174, 105 , 
   247, 94, 160, 41, 250, 7, 147, 22, 2 , 
   88, 67, 206, 137, 157, 127, 177, 41, 20 , 
   14, 152, 112, 224, 171, 33, 53, 176, 166 , 
   141, 16, 17, 227, 37, 208, 222, 9, 168 , 
   209, 154, 155, 6, 88, 7, 137, 175, 220 , 
   149, 228, 31, 34, 59, 78, 40, 148, 12 , 
   212, 231, 114, 11, 164, 42, 143, 176, 255 , 
   94, 191, 9, 137, 75, 68, 229, 11, 38 , 
   232, 62, 0, 124, 148, 79, 165, 86, 74 , 
   2, 161, 106, 209, 205, 129, 2, 199, 197 , 
   10, 118, 145, 40, 153, 105, 38, 137, 194 , 
   228, 113, 82, 94, 58, 71, 138, 10, 11 , 
   12, 166, 79, 207, 136, 195, 47, 134, 205 , 
   115, 224, 23, 254, 69, 239, 23, 104, 145 , 
   119, 142, 170, 86, 167, 229, 241, 255, 101 , 
   195, 171, 22, 96, 78, 102, 32, 34, 71 , 
   243, 41, 242, 45, 190, 83, 174, 8, 76 , 
   124, 91, 121, 208, 144, 250, 107, 156, 108 , 
   142, 121, 144, 218, 22, 255, 63, 88, 174 , 
   228, 100, 214, 112, 91, 55, 52, 192, 67 , 
   153, 242, 167, 102, 97, 95, 230, 127, 224 , 
   98, 16, 180, 16, 100, 179, 172, 197, 55 , 
   79, 140, 211, 113, 45, 187, 177, 222, 176 , 
   157, 117, 91, 184, 179, 66, 221, 173, 92 , 
   185, 147, 126, 195, 143, 233, 102, 59, 163 , 
   129, 234, 3, 138, 126, 248, 111, 51, 200 , 
   88, 227, 134, 174, 5, 35, 81, 151, 116 , 
   48, 193, 101, 122, 203, 175, 215, 250, 57 , 
   184, 113, 218, 18, 253, 63, 50, 30, 100 , 
   138, 90, 17, 51, 183, 180, 35, 99, 21 , 
   250, 147, 24, 116, 45, 186, 36, 129, 151 , 
   174, 142, 141, 81, 71, 148, 98, 179, 189 , 
   162, 67, 241, 245, 123, 166, 45, 26, 102 , 
   195, 143, 61, 229, 157, 21, 170, 187, 112 , 
   53, 32, 136, 141, 161, 22, 117, 241, 14 , 
   35, 203, 143, 188, 162, 64, 228, 180, 29 , 
   230, 224, 51, 97, 40, 81, 163, 174, 7 , 
   33, 222, 225, 215, 50, 36, 83, 127, 152 , 
   17, 39, 106, 1, 69, 159, 188, 242, 204 , 
   1, 140, 55, 65, 164, 96, 237, 42, 28 , 
   249, 128, 157, 99, 8, 41, 109, 180, 88 , 
   155, 85, 120, 197, 224, 104, 144, 60, 248 , 
   64, 184, 81, 188, 211, 56, 158, 171, 234 , 
   104, 178, 237, 0, 164, 146, 203, 237, 113 , 
   90, 60, 58, 167, 126, 120, 36, 27, 119 , 
   26, 246, 148, 220, 81, 10, 31, 29, 207 , 
   86, 157, 7, 87, 46, 180, 9, 251, 221 , 
   26, 96, 28, 150, 17, 218, 157, 51, 25 , 
   248, 50, 226, 237, 45, 225, 180, 82, 128 , 
   39, 103, 79, 61, 95, 184, 70, 36, 39 , 
   180, 39, 215, 14, 53, 93, 229, 185, 29 , 
   180, 16, 249, 41, 124, 21, 73, 31, 172 , 
   60, 95, 59, 11, 254, 107, 179, 193, 250 , 
   164, 65, 200, 69, 185, 59, 111, 1, 190 , 
   232, 92, 46, 193, 194, 45, 26, 36, 223 , 
   154, 249, 194, 217, 123, 76, 42, 163, 251 , 
   246, 244, 40, 164, 196, 226, 4, 206, 71 , 
   31, 4, 16, 99, 80, 25, 98, 227, 3 , 
   0, 188, 148, 10, 137, 126, 66, 131, 35 , 
   243, 95, 194, 136, 101, 80, 202, 185, 60 , 
   230, 112, 70, 235, 109, 3, 219, 147, 249 , 
   16, 108, 165, 156, 217, 60, 83, 217, 150 , 
   205, 239, 253, 216, 158, 34, 209, 190, 196 , 
   182, 51, 206, 208, 138, 235, 104, 254, 184 , 
   40, 48, 57, 63, 201, 89, 209, 65, 202 , 
   92, 176, 75, 249, 182, 26, 79, 156, 204 , 
   145, 142, 229, 51, 12, 188, 247, 187, 25 , 
   216, 7, 129, 225, 196, 41, 249, 223, 39 , 
   249, 127, 176, 206, 196, 35, 198, 52, 6 , 
   80, 108, 209, 54, 36, 141, 24, 69, 56 , 
   116, 188, 240, 67, 52, 65, 204, 163, 227 , 
   53, 106, 35, 108, 128, 196, 2, 149, 78 , 
   62, 161, 101, 186, 148, 221, 26, 212, 41 , 
   241, 2, 128, 227, 109, 148, 66, 19, 92 , 
   66, 120, 203, 220, 208, 225, 228, 192, 9 , 
   31, 171, 146, 87, 10, 28, 134, 194, 127 , 
   192, 105, 198, 220, 62, 179, 248, 92, 184 , 
   65, 37, 219, 255, 115, 38, 181, 156, 95 , 
   51, 78, 41, 141, 191, 69, 88, 134, 233 , 
   52, 164, 211, 251, 112, 93, 62, 183, 248 , 
   88, 190, 204, 102, 18, 172, 67, 177, 155 , 
   19, 184, 26, 210, 203, 165, 16, 252, 169 , 
   203, 77, 89, 36, 245, 215, 62, 94, 87 , 
   180, 60, 75, 78, 163, 129, 129, 19, 232 , 
   112, 228, 119, 254, 12, 99, 118, 47, 225 , 
   166, 16, 230, 245, 151, 188, 130, 12, 123 , 
   120, 251, 154, 70, 158, 150, 227, 116, 194 , 
   67, 200, 52, 39, 115, 36, 143, 240, 180 , 
   48, 79, 67, 87, 143, 247, 229, 55, 162 , 
   102, 236, 141, 180, 212, 65, 79, 251, 64 , 
   190, 239, 247, 85, 139, 72, 187, 214, 167 , 
   99, 100, 51, 109, 112, 55, 147, 84, 178 , 
   172, 44, 129, 71, 7, 147, 252, 36, 223 , 
   201, 236, 199, 108, 162, 10, 85, 54, 144 , 
   103, 243, 123, 95, 84, 201, 94, 199, 132 , 
   172, 24, 179, 21, 208, 29, 193, 225, 58 , 
   247, 215, 255, 161, 160, 153, 149, 24, 46 , 
   174, 203, 154, 17, 77, 28, 168, 117, 74 , 
   88, 20, 168, 196, 37, 68, 181, 251, 183 , 
   236, 177, 200, 47, 150, 91, 108, 123, 71 , 
   46, 175, 173, 29, 162, 61, 27, 85, 21 , 
   35, 154, 19, 72, 206, 129, 163, 13, 101 , 
   217, 233, 156, 247, 111, 49, 101, 175, 14 , 
   145, 17, 253, 80, 140, 148, 62, 178, 54 , 
   64, 145, 135, 243, 74, 145, 236, 54, 105 , 
   164, 10, 187, 26, 161, 101, 175, 215, 124 , 
   172, 65, 62, 71, 128, 236, 167, 1, 211 , 
   123, 210, 5, 10, 218, 217, 247, 143, 186 , 
   98, 4, 172, 164, 242, 57, 245, 42, 180 , 
   128, 126, 233, 217, 43, 175, 197, 159, 105 , 
   151, 76, 196, 252, 249, 244, 42, 167, 5 , 
   244, 112, 85, 232, 131, 9, 148, 85, 202 , 
   175, 117, 161, 64, 214, 65, 77, 213, 75 , 
   35, 238, 135, 105, 181, 155, 244, 13, 93 , 
   30, 163, 40, 21, 79, 125, 124, 231, 67 , 
   102, 50, 98, 205, 201, 178, 64, 234, 81 , 
   253, 240, 55, 236, 186, 101, 192, 5, 3 , 
   143, 117, 187, 30, 74, 92, 207, 198, 14 , 
   243, 242, 84, 189, 249, 192, 245, 169, 158 , 
   121, 176, 250, 194, 74, 51, 156, 6, 139 , 
   49, 121, 189, 227, 147, 228, 244, 69, 110 , 
   250, 153, 244, 128, 113, 152, 105, 255, 179 , 
   242, 27, 212, 183, 109, 178, 234, 14, 16 , 
   36, 1, 188, 239, 96, 243, 107, 38, 75 , 
   147, 181, 64, 112, 113, 149, 172, 234, 65 , 
   85, 5, 185, 93, 146, 130, 225, 201, 146 , 
   166, 102, 0, 5, 91, 103, 129, 18, 86 , 
   162, 25, 98, 253, 221, 3, 191, 146, 188 , 
   60, 74, 193, 149, 133, 21, 226, 48, 192 , 
   200, 13, 202, 191, 218, 145, 210, 107, 240 , 
   58, 175, 92, 224, 123, 179, 158, 252, 137 , 
   128, 212, 188, 136, 65, 119, 12, 164, 161 , 
   209, 227, 222, 221, 130, 85, 168, 25, 69 , 
   199, 215, 208, 11, 38, 220, 246, 114, 113 , 
   172, 235, 55, 181, 81, 2, 108, 78, 38 , 
   221, 148, 137, 152, 31, 247, 129, 47, 213 , 
   114, 33, 245, 124, 67, 182, 129, 71, 246 , 
   79, 46, 19, 182, 173, 167, 79, 172, 152 , 
   21, 130, 208, 88, 119, 186, 23, 55, 156 , 
   49, 163, 255, 85, 248, 234, 22, 2, 144 , 
   121, 50, 28, 160, 103, 94, 237, 107, 213 , 
   218, 13, 93, 20, 77, 252, 169, 57, 132 , 
   30, 200, 66, 79, 236, 230, 178, 93, 36 , 
   112, 255, 197, 36, 148, 251, 117, 3, 187 , 
   0, 27, 79, 211, 54, 187, 48, 7, 34 , 
   247, 132, 114, 135, 84, 123, 100, 246, 13 , 
   42, 0, 208, 97, 26, 142, 247, 130, 110 , 
   74, 209, 39, 211, 161, 224, 235, 202, 249 , 
   136, 174, 2, 142, 44, 155, 120, 242, 157 , 
   95, 121, 172, 208, 139, 217, 178, 96, 153 , 
   100, 82, 158, 45, 176, 55, 92, 124, 49 , 
   176, 46, 119, 87, 200, 192, 173, 247, 254 , 
   52, 71, 243, 117, 141, 11, 218, 157, 19 , 
   109, 170, 70, 102, 73, 43, 11, 26, 30 , 
   99, 69, 233, 128, 6, 131, 218, 65, 198 , 
   212, 232, 158, 138, 130, 173, 188, 26, 135 , 
   135, 34, 88, 209, 129, 38, 248, 15, 245 , 
   1, 111, 210, 1, 234, 120, 253, 202, 136 , 
   177, 100, 23, 87, 81, 155, 190, 154, 46 , 
   140, 201, 148, 30, 252, 239, 199, 192, 226 , 
   50, 90, 235, 160, 237, 236, 102, 241, 73 , 
   241, 73, 59, 97, 78, 78, 102, 143, 5 , 
   199, 111, 199, 244, 130, 31, 77, 56, 32 , 
   49, 221, 181, 188, 203, 131, 76, 113, 167 , 
   196, 47, 230, 52, 106, 243, 61, 224, 92 , 
   52, 57, 159, 25, 155, 122, 235, 192, 78 , 
   64, 36, 105, 128, 30, 230, 101, 235, 210 , 
   253, 240, 145, 179, 89, 95, 157, 185, 66 , 
   105, 166, 57, 141, 44, 164, 70, 153, 244 , 
   42, 172, 234, 222, 205, 145, 7, 99, 20 , 
   147, 135, 173, 35, 14, 237, 117, 235, 162 , 
   40, 5, 169, 213, 32, 11, 131, 44, 101 , 
   89, 198, 247, 227, 204, 176, 191, 99, 118 , 
   246, 106, 179, 111, 180, 244, 118, 85, 140 , 
   100, 114, 48, 89, 50, 123, 70, 70, 218 , 
   38, 135, 152, 44, 17, 64, 97, 123, 82 , 
   2, 154, 246, 177, 106, 243, 230, 45, 24 , 
   222, 18, 115, 241, 31, 63, 245, 61, 46 , 
   65, 4, 9, 223, 132, 238, 116, 237, 131 , 
   56, 81, 174, 26, 41, 120, 60, 182, 196 , 
   243, 146, 144, 189, 31, 3, 137, 146, 20 , 
   236, 207, 82, 133, 8, 176, 226, 105, 108 , 
   51, 140, 228, 113, 199, 230, 33, 1, 33 , 
   85, 136, 242, 221, 127, 189, 32, 135, 227 , 
   149, 45, 124, 83, 129, 36, 145, 213, 194 , 
   11, 136, 172, 73, 208, 124, 71, 81, 77 , 
   63, 242, 59, 58, 92, 184, 218, 99, 182 , 
   78, 55, 52, 154, 143, 74, 125, 142, 144 , 
   153, 134, 88, 156, 157, 158, 42, 80, 95 , 
   105, 48, 218, 150, 129, 9, 115, 65, 188 , 
   65, 92, 208, 144, 18, 152, 81, 14, 247 , 
   74, 17, 181, 41, 255, 71, 52, 206, 9 , 
   98, 58, 12, 85, 183, 41, 174, 79, 63 , 
   210, 3, 179, 118, 164, 248, 92, 120, 220 , 
   34, 78, 235, 203, 63, 173, 48, 171, 224 , 
   62, 133, 77, 50, 61, 4, 82, 117, 65 , 
   236, 209, 227, 239, 99, 215, 96, 178, 96 , 
   187, 168, 163, 221, 214, 36, 45, 76, 46 , 
   196, 102, 141, 221, 71, 221, 170, 185, 167 , 
   56, 96, 203, 194, 193, 93, 205, 220, 14 , 
   133, 18, 76, 210, 131, 206, 21, 34, 175 , 
   11, 37, 215, 144, 74, 45, 214, 84, 138 , 
   230, 198, 205, 172, 23, 137, 53, 205, 53 , 
   140, 152, 189, 30, 164, 195, 61, 216, 161 , 
   65, 37, 230, 228, 186, 226, 167, 221, 216 , 
   199, 71, 103, 84, 180, 210, 137, 198, 106 , 
   5, 111, 3, 97, 57, 84, 152, 98, 173 , 
   164, 11, 149, 235, 185, 151, 174, 90, 239 , 
   41, 250, 205, 90, 135, 207, 7, 97, 73 , 
   143, 133, 1, 70, 21, 15, 241, 234, 134 , 
   154, 231, 100, 223, 110, 84, 153, 8, 205 , 
   229, 209, 221, 73, 14, 63, 89, 237, 244 , 
   114, 196, 25, 10, 94, 253, 247, 69, 151  